33.1961744059277	30.6308985280801	31.6203656910053	30.7296766609926	31.3157832108725	31.6482565524524	30.7437509050971	31.6348424142701	31.7079316537508	29.5964450297923	30.3234066107534	31.7952190220814	32.3196199527570	32.1772206419000	31.0805305693064	30.0342958836106	31.2569527613730	29.3056083871647	30.0108671457224	31.0947438589213	30.7748576121814	29.9509619138660	31.4218246149869	31.1391659053996	30.6521873555235
29.9869828171330	30.5837062381622	27.6250318935345	29.2922555541457	29.6692687027387	30.5389433728111	29.9094744187598	29.8241107062975	29.9224068518778	29.2201989699070	30.4270985656013	30.3362558191273	29.3026842259415	30.1039922158433	30.2503278285710	28.5769327913098	29.3932615181345	28.9964369676031	27.9856805955865	29.9397020818387	27.5414480940475	29.4620547333355	29.2487689522913	28.5527015556979	29.8705799605189
30.6677064726565	30.9172779277770	30.7311274611200	30.7487767768297	30.8550651259277	32.2369803929228	31.0652981957418	31.1535692118788	30.9323636236261	30.8297007416180	30.6502193932434	30.7049562828335	30.5710138649031	30.1456735038433	31.2996993052931	30.6871471185263	31.8028892467709	30.8388604043470	30.6495924556972	31.2233748115973	31.3485329169249	31.3156784214227	30.6563209202287	30.7050626020391	30.6499450146629
31.9837768106633	31.4543058330407	31.9040438463085	31.7194491909938	31.7103781242715	32.4487931664295	30.4678310766369	32.5852397676250	32.6598732866986	31.9637329726196	30.9684412337446	32.0645870773434	30.8247427900896	32.6916521812817	32.1067442598476	31.7974511198829	32.1085503523444	30.7559984064425	30.8978307501269	32.1067894738137	32.5362086563955	32.5249113866951	33.4531087748344	32.4425673911778	32.4120284935196
28.6890447560041	30.7127178324077	30.1817786037502	29.9411013832724	29.9580301774015	30.5927512087104	31.3197604565434	31.1545001543812	30.6374396691588	30.1888601947097	30.3647222334998	29.2484805375959	30.0654744818960	30.1631523377513	31.8468200203258	30.0737550174327	30.6271080600108	30.4162381535860	29.7023356673910	29.7073363310320	29.7968516225615	30.2103541556582	30.0642969478778	30.3417612568296	30.2491064774280
30.7167219609619	31.2722062590460	31.2245413938159	30.8431698819322	31.3007307227156	31.3326488606874	30.7667353674914	30.5050457831974	31.1637078384504	31.0359245400853	31.0761743424631	30.0535678772917	30.3037673835574	29.8223885519850	30.2107381195675	29.9654331927580	30.4653901608438	29.8787901155513	30.2066332685794	29.8508183704360	31.3948128440632	31.7336957142803	31.3704973751223	30.3501074909498	30.5601205017494
29.5529291795730	31.3146336852387	31.1475308727751	30.3796415081856	31.6435613229676	31.1320736626611	31.3043711615223	32.2154053338685	29.7865067655935	30.9229846645973	28.9806630238457	30.6883875075862	30.9486365746494	28.4801787031681	29.8678662664919	31.0537908906980	30.9551909258099	30.7506361661156	31.0897294031121	29.8216485010690	30.1558719966188	31.2860551021468	31.0008877753303	30.2705136194829	30.4108073572708
28.3926846011406	28.7733906638631	29.5238610797681	28.2251324334958	29.1778491479073	28.7734011415277	27.9745349907085	27.6551190191515	29.0713346799000	28.7590666535616	28.7204130971018	29.0881525061991	30.2538473839438	29.1407669796869	29.7975839581956	27.7949358945710	27.8255103731702	27.6640152192590	29.0988352761143	30.3080084577186	28.1660104384739	29.0459437448135	29.1784351383404	27.7053642694093	27.2985105162089
29.1816349935529	28.7233045654850	30.0179228313981	29.0759336345549	29.1331910327521	29.1359789380496	29.3059608468572	29.3135679892111	29.5391042222200	29.2633565607593	30.6856915825396	29.9125062415970	28.9823053633275	29.8693760527865	30.3884703358458	29.6874978401580	29.9833454247585	30.5733091083779	28.7907444825905	29.7826713736542	28.5792064820865	30.3795359466659	29.3414977324851	29.8948409289155	30.2274080726920
31.0405933455113	31.6662014798840	31.3391228101145	31.8598009719947	31.4748994702606	31.0574413727385	30.0505678428234	30.2879917647491	31.3401345831992	31.1649911893323	28.7635355820376	31.2047364897787	30.8897968105474	29.5268234721187	31.4320325818360	30.9769644507988	30.8486442214078	30.3493945753166	30.1399801994370	29.9115629004332	31.0524083531005	30.4525360700924	30.2917148106435	31.9715200897062	30.9215828067765
30.5504227821973	30.3286518652623	32.2511242039982	32.7127269182244	33.0875639072110	31.7367285850948	31.5951961069167	32.2678646062082	31.0605650078183	32.4526516458876	31.5866655746838	33.8735044146390	31.0026823043353	32.4142445951108	32.9537177935056	31.7874409095359	32.8888943795454	32.0188799214056	33.3249431777492	32.4833929726469	31.4981451158559	31.0903419246758	32.9541278298668	31.6975865735769	31.9684335931696
31.6319902321782	31.9256587073857	32.1360204425127	31.3020574536912	30.3649731835058	33.3160201009073	32.8272803780575	33.0322487055293	32.0774268962063	32.2919067175796	30.9938153131022	32.4245612259050	31.0086651149360	31.1218580479649	31.2554442461360	31.8572094054137	32.8963453109233	32.6739676118793	33.2588312540968	31.4102546810160	31.7549444802568	32.5771825733696	31.9750350760593	31.2728452801935	32.5649359790877
30.0373984874727	31.2574031811336	31.0845053022162	31.3140842072976	31.2694126316726	30.8427276111353	31.1972085647719	30.7892769307905	30.7178391887527	31.4817538691262	31.7476743980011	31.6838692434401	30.2079264722824	31.5000452957323	31.0516994996699	30.8126248998053	30.4797733906641	30.9734054684125	31.3375633520135	32.6126073441574	30.8401606285231	30.9010114103101	31.5144901696786	30.9249315564182	31.0490856398848
31.5923899049620	30.9832971605374	30.9756481414480	30.2922529713606	30.9741545161720	30.0270474188038	30.0011881646419	30.8745548190683	30.9844180831397	30.9052259128245	30.6353203929902	29.9776798168587	31.0842915532372	30.1214698566872	30.7683589599544	31.4113125193107	30.2765235135694	30.1624662208650	29.9198549843100	31.3234851772549	30.5533995156343	30.5051453939763	31.0830518639171	30.6737821925784	31.6473896785097
28.3818191987996	28.1059845571145	29.3777379875783	27.5110941152497	28.0024504273428	28.3688687449104	28.8425489719340	28.1850394816082	27.5476857478544	28.3946907901018	27.7168331451397	29.1460836338999	28.8773407708796	28.1139009802955	28.9657630057283	28.3432316513316	28.1660339932911	29.1969038187642	28.5260855443532	28.9028442136369	28.4750305486883	28.8829978111270	29.0150032197119	28.1908049595079	29.5420597539409
25.7083027419784	24.9144468171559	26.4735631261121	28.0301465247957	27.7564178173353	26.5664767094332	27.1473610179543	26.3577194310129	26.3857639635267	26.6262893028040	27.6426901557003	28.5570781755816	27.2705750035925	27.0917116674929	27.9698491756782	27.5672649211234	28.9258620980307	27.3959987413166	28.5245659342107	25.1394770384494	27.3974950619356	30.5885881095179	27.4852389083489	28.4285141427965	28.0314531143007
26.4369830473417	26.8516678763810	27.9507097402141	28.9481780926797	26.7425393512355	27.0131860522067	29.5271748490833	27.6672441770547	27.4318456295427	28.5288226887986	25.7908262185048	27.6919120407600	27.9886307786691	26.4848007924872	29.8157024923600	26.6670958702231	26.4490797920020	25.0170728715109	28.4064262090125	25.5866670423517	28.8994244363314	28.8843239636614	26.9708768367203	26.5064586934928	29.5165855083240
27.6141896085590	28.6264565794149	27.7589120374278	27.0551302038579	28.7018999296366	28.2697384314770	28.4204491941858	26.9528779759568	27.1035727569765	27.4233597077252	28.4307388456604	27.6850203209381	28.2675781282100	28.1610438843860	27.3319676797266	28.8437574960291	28.8701644051255	28.9004571917416	27.6326580741948	28.8634922974330	27.0073030371694	28.2601626495846	27.5023000789543	28.5324500756619	27.7573208247621
28.1460211295165	28.3618753939984	29.1017321751698	27.7555340030096	29.0574349051042	28.2799028269393	28.4107868391844	28.2428740818878	28.1823425007599	27.6185269197661	28.1383357352165	27.6680360241619	27.9678523228623	27.9083974767489	29.1255864043675	27.4694888599759	28.1588346901699	28.4715345447014	27.3972304378336	27.7071597605511	27.6573016625075	28.6165404369605	28.5100265215226	28.9500502223279	28.0392318633752
30.0649948748183	29.8514225114627	30.7200710647436	30.6814762692544	30.9640530874990	30.3321323125429	29.2438421978724	29.4349034160359	30.5433580816136	30.6269283608170	30.8286319536892	29.9046321363254	29.8721399084564	30.8386754333052	29.7681209065590	30.7017687011967	29.4615524465881	30.3631109807192	30.1048694794643	30.4225471078879	30.4468025147885	30.4366484347835	29.8361477019287	30.8854704514302	30.9638292325948
27.3995655166793	28.4086907672313	26.6472375582622	27.7947273512764	29.5265133328140	28.9628585070368	28.5538411022317	26.7472125839528	27.2387070091421	25.8429308789242	29.1931945085897	28.9993189997742	29.2018221134843	28.7946003878507	30.2909579118124	26.8213337160617	28.4775428096057	28.1295069407770	29.5670462664863	28.8250720338878	28.4880033190333	30.0705872156857	29.7610998405175	29.0632320054693	28.7916370927882
23.4610783835090	26.8866855352339	25.7414514231348	24.4144176046590	26.4754773073996	27.4424282307109	27.5903408266583	28.3197323056706	25.1864492489049	26.7458375379851	26.7806057379413	26.0752184554328	26.0535625040223	27.0470627188777	26.0838999593644	24.8919807008225	25.4954185812773	24.5664987501927	25.2414235047884	27.7978207578910	28.5014859386279	26.9757098797192	25.9410164101516	24.3470048380678	27.6559354139650
26.0919669168360	28.0323600089735	27.6391652366093	27.3136282534866	27.1073195778777	28.8780517076800	29.3241176190416	28.2928041873405	28.4280749666067	25.8115420321970	28.3299466861025	27.1635543366575	28.9068977937643	27.7713117725141	28.0556065390234	27.7832653148978	29.9820172957670	28.3612518333048	28.7493693769865	28.6310242801490	29.0419539229553	27.4448056279086	27.3969112891655	26.7207301440217	28.9200003358323
29.3902089321888	29.9702570437345	30.4658889604896	29.0605146385785	29.3502049116686	29.5650225892314	28.9372120663049	29.3361513418221	28.7125591748624	29.8136995459261	27.6987758652179	29.4741931178800	29.6244338381835	29.4211080331424	28.6569150627677	28.7910488413395	27.9394758796475	32.2399848135494	30.6488102715042	31.2172311743827	29.0210727918579	30.6732817257622	30.6079787759895	29.7595573518062	30.6254685031743
31.6512143640646	32.1753605410414	31.0566543683007	31.1228027849229	30.8655635500821	30.7436086793703	32.1351365199948	31.8325501305002	31.7816877055424	32.4277021381426	30.5985238018013	31.1355171945280	30.9033881865678	31.6951787351755	30.8012499306431	30.8271729906178	30.4962855542297	31.0437058441804	31.8725799325336	31.8910800255028	33.8015269174557	33.2874027168049	32.3286953661253	30.7366688419540	32.2368990030731
31.6997067706743	30.8098440280813	31.0622976338952	31.5991820024892	31.5608699963564	31.7561262099818	30.7972464999163	30.8068582401708	31.7526644929008	31.7260260837728	30.9015267312080	31.2995564322535	30.9406221476706	31.5483634436869	31.1500247735379	31.7892127160904	31.1666066749720	31.4100993492399	30.9448483647788	30.6028967365076	32.2832225694373	31.4606895864036	31.2827927720976	31.1181482509362	30.9479494903643
30.0456624805329	30.6985664512097	31.3147726261650	29.2704578155581	29.5849757774470	31.0863348087664	29.9446696086411	30.9352098736835	30.6030857374522	30.9900342821374	29.0641459165471	29.7001018509978	29.4640860353627	30.2180541322087	31.3283776793210	29.0785840378215	30.0201471664374	29.2154469527523	29.8713052620071	28.7730793549256	30.4226729105588	30.9892844875687	30.3768049891411	32.0125116637842	31.2398798011544
30.7120774377752	33.0046468042902	31.9825988297722	31.2061447225941	30.5768846201574	30.4982775658761	31.8301521358314	30.1184222199901	31.5871615656467	31.5059992153513	30.4520241449275	32.5845256777559	31.5440470088418	30.7294091281878	32.0748339817856	30.2971143766794	30.2595006437198	32.5946247105055	33.7535666172468	31.7944639848719	32.2373160750799	31.4289151113945	30.1287960078699	32.3632856904744	33.1852633222008
27.8003314204788	26.9830583246624	27.5140155631497	27.3534175747412	27.7856410555755	27.2304303611872	27.6477452731300	27.7612780940704	28.0161064330517	27.3490668947126	26.2769456246287	27.4831661088205	27.7859528858451	27.9062793917027	27.1008938542028	25.7961636708742	26.3546475338605	27.7349538619083	27.1751312168258	28.1952363896600	26.5387258717984	26.1668537214071	26.4440112212458	26.8412956708723	26.6612530934458
29.0084484371445	30.0526476711293	28.9970929350366	29.0821102623666	28.7648460562175	29.4732130147206	30.7610782509632	31.0623317206579	30.0410808145664	30.8728201429724	29.2767101330828	29.6776468842172	30.3911765336872	28.8761891837390	29.1505712022069	29.0063161854381	30.0700375136278	30.0316472457298	28.8511838643537	29.1214795664100	29.3756926371091	28.5683640374366	30.2135564876114	29.3012708721895	30.8689565092498
28.9036820145115	29.7927963371342	29.5011482257067	29.3832551391769	28.7024303613580	30.6704420521624	29.0528434347232	29.5462151339032	29.6882704777110	30.1109802724033	29.4468253063848	30.3928536572334	29.9005652050952	30.0418223239487	29.1803078845862	28.8592470532207	29.7099576767379	29.4848703864899	29.6235583355707	28.7895389518839	28.8151959355243	29.8042794569074	29.1070578149021	29.3660618993317	28.8095891097509
29.4489267566380	28.8434206811439	29.8437047754627	29.3776964422559	29.7296855839285	30.0323301040167	29.5466572994273	29.7141163724040	29.8595017498103	29.3896460036749	29.8927200097260	28.9722822182545	29.2320190832863	30.1641454231108	29.5953883164727	29.5088909914089	30.2875641149759	30.1288486649882	28.5023979974189	30.3191615198248	28.7663267682263	30.4684788365460	28.3126302265729	31.0374889530290	30.0139113099192
30.0416693325671	31.7178711497301	30.3130780885192	30.2268827591225	32.0984875069453	29.7888576103709	30.9980597214051	31.5162930301896	30.3227724644421	30.0516964711916	31.2937143251382	29.7161415927693	32.1924772584004	29.8935288136998	31.7534500665692	30.6819461410320	29.7974143577007	31.5830749665640	31.7812805292688	29.5947489957263	29.4670139158215	31.4575896995742	30.6330845652875	30.0764262667427	31.7428868301746
32.5340754484354	32.1887476939432	32.6973266735185	31.6759391946889	33.0756748654679	32.8670679198629	33.5372832120994	33.8454027579101	32.5241477090200	34.0151338108684	30.2595930814937	32.1070572046734	33.5493422485064	32.5871097522560	31.8833226037171	33.0211245994801	32.5547365001798	33.0651416615887	29.4345513618285	31.3416348636107	31.1586276890326	32.6376623808821	31.6352518796201	31.7689770396063	33.1039629664140
27.9514800765646	29.9654473716466	28.6548968156337	29.0248585651356	29.7909829322376	28.9117307417116	29.0431829633398	30.1383126866962	29.5470647772072	29.5208824090905	29.3219691114137	28.8539665651330	29.9070554855194	29.9226465408453	28.4824153712789	29.4589402408787	29.6469136888226	29.5461056697265	29.7004066066221	29.6379598075847	29.3138244109508	29.0222964184401	29.5982451441061	28.9008701231202	29.6086804881770
28.5195630914382	30.0450056140271	29.8639460090456	29.8080744455024	30.7137633244273	30.2752209285830	29.9499577275987	30.1901190198010	29.4762133974701	30.0172194865391	30.4518538624018	29.3113661054629	30.7564209354044	29.6905382844181	29.8249170559212	27.7953627836885	30.1690056938259	30.0947865156677	29.5340664383168	29.4756083832727	29.7166706971912	29.3329203309971	30.6491080106360	29.1366086984501	29.3872122952181
26.0151781411843	25.8618558236378	25.9374075105158	26.7355994973146	26.8292487856434	26.3617122815383	25.5189884369411	27.2623966658850	26.1363900682936	27.0917680679411	26.4527283956578	26.4715421121615	28.1568684687013	28.2965265895878	27.2941935847536	28.3700652954723	27.7102315163330	27.7590770018465	27.8476973494215	25.8068941548041	26.9627246120857	27.7746649461881	26.3677158688065	27.1415569161169	27.8044184453962
29.0925881810227	32.3496695912589	31.9070377521265	31.9180530919090	31.3955419930552	31.9923332571931	31.7368457191723	32.0812284899524	31.2650616516601	29.8999622751136	30.8366810979430	32.0115750404564	29.0430708077155	30.7108180377587	31.9258455784160	31.9579028571826	30.3978107292313	31.7149939300073	31.3788738108469	32.5607426610409	30.8506922625034	32.5569652661136	31.9642766483683	32.4202959663080	32.4829553377292
32.6642079037985	33.3112424517028	33.1638456450132	33.1855618175119	33.0386244676009	32.7679089148332	31.3857792983677	31.4423487414681	32.7194426888793	31.6046471222132	32.5037615347105	32.7933908546577	32.9845739890067	31.0538911907958	32.9739571050284	31.5872321953324	32.9560694995036	32.8782045619480	32.3269200811718	33.4025204832557	31.5935503637505	33.4951124567456	33.4811271982119	32.7647284897132	31.7713951558796
31.7382650949459	31.0151521659324	32.0844408381757	32.1081407426752	31.1376950234414	30.6285152026869	31.4631213931755	31.1706096913143	31.1651092561258	31.3500168038310	31.4718891370135	31.6439594794740	31.9022265346960	31.9325705125637	32.0832859299641	31.1638146739643	31.3607574191852	31.7412846993349	31.2260315374631	32.1933601002067	31.8970073547797	31.5307730454980	31.9642653093942	31.7440277528569	32.0505810372315
31.2766985479506	32.5531911789749	31.7718521029290	30.0631828961742	30.2409703879109	30.4982555812606	29.5848756480771	27.5972287435738	29.0139197558588	28.8607422623275	30.1658678002204	30.5678479174560	30.8820661668140	29.7846322506576	32.1914532705840	29.5424965248943	31.4060514306199	30.8776837520532	30.4351391108493	29.1623201555786	29.8001007334227	29.0374887902193	28.7528823748518	28.3222180677585	32.0272053888341
30.2695346713648	31.2681466721179	31.3700007368955	31.0727798903322	32.5825205944227	31.6471883039908	31.3934242617462	31.5196258955144	31.2986550937133	32.9291142855794	31.6782140798173	31.1605691228873	30.9571081264139	31.6231901474899	31.4881450856817	32.3331975400168	31.7629105129704	32.3430141596612	32.1952593438282	31.6743090346909	31.6039111751421	33.3286874622134	32.1332740824530	32.1576660696652	32.4896817948185
28.3718651079733	29.5469308729205	29.5071238264208	30.1640603214736	28.0670008483239	29.3059380043916	29.5447706920169	28.9969671583176	30.7332862962085	30.7569555999432	29.3778057642787	29.3496074300076	30.7001901972172	29.7094494883214	29.7870859839404	30.7765852986629	29.6046351990321	30.1685633959468	29.5061246751152	30.3273455130730	28.8331075725827	29.7389561969077	30.0119443070065	29.6206623113558	29.9449780869605
30.2737340499765	29.9747093261152	29.7178723770104	29.8663289302726	31.3611494667655	29.4073448355980	29.4024080756998	30.8522365301353	30.0166974483136	29.5099428170589	29.4074278955323	29.4705588825627	30.5474594315021	31.3046486894748	30.3422797796889	28.9591158317403	30.7946261812990	30.8171714611141	29.7493929162311	31.1008363889971	31.0419788596024	29.2502290804850	30.0887956167370	30.9056402337802	29.3186074114195
30.8685518647919	30.5279362977359	31.0096149620079	31.7820846413222	31.3741118778382	31.2440344822710	32.1776112450880	30.2236017097595	31.7276237593301	31.2334198620321	31.0958150498344	30.5799254403078	31.6988104124084	31.0948778807118	32.1420852283772	30.8263462561591	30.6486943823676	31.0075283628416	31.2034650253629	31.4705817850681	31.3061221746775	31.4179038592658	31.2018509168958	32.2434471299673	31.6207947793614
32.2785760697746	30.9403574422363	33.4601913524682	31.5282853532631	31.1535115164901	32.1337608395088	31.5231889217370	31.2904408653631	31.9641133672708	32.8056546471594	30.9350456704223	34.1001344209683	32.2788301110624	33.4604528730533	34.3530565359515	32.0108643477477	32.5236283584673	31.7067403798807	32.4116348746987	31.6415112814279	32.0114649874060	30.5310930204537	32.0684652890294	32.0825277936488	32.5547921630618
29.8535793782370	31.0326729703145	32.2481037309913	29.9380748947361	31.1719851746324	31.1918941290668	29.9992938072968	30.8695369427070	31.8981110740980	31.1821571117196	30.9095194771759	29.6677710092553	30.9939262853097	29.8182956998786	29.6777680935864	32.5614347709504	29.2865702851795	29.0930451312413	30.3329335576408	29.5983624044131	30.8067502306240	30.3742095174519	29.8042012856437	29.7954196154744	29.0080410104138
29.2471835902050	29.0232393798694	28.7892290105952	29.4933342769633	28.8084600019436	29.0660467799878	29.3274262307839	29.1505897629122	28.6642725489917	28.5804426135500	29.9961504542969	28.4510443318867	28.4224401001288	28.5756079821268	28.3517446821435	28.3737155765043	28.9600243945739	29.4047072404317	29.2253971354111	28.4253754852039	28.4794582951593	28.5939645798199	28.1965722132561	28.6453404974926	29.6206380576130
28.5703550802077	28.5189615535093	29.0937989049294	28.4323566209054	27.3579769467564	28.5244059317311	28.3248017797672	26.5934866520995	28.2968731737595	30.0949418125678	27.5106450215430	27.8483439522925	29.7053197877633	30.1146848162290	29.0366585830250	29.7800496600981	28.2141658563898	30.7277790534677	29.9643779270862	30.9503294227944	30.2260028415958	29.4563589943755	28.8827711725012	30.6756123486638	30.4891464764499
27.5051984298311	29.8750909166076	28.5648339329858	28.3831129143320	28.2526383217681	28.0094300884280	27.2587120711272	28.4188569634620	28.8056313684224	27.5240547928047	28.6064915458155	27.4925029392589	28.3051744217866	28.0614220128967	28.0031595855314	28.7699703714615	27.2217212581240	28.7693881994825	28.3583027445518	26.9713777861001	28.3777625921165	27.7204513556152	28.2754993514350	28.1693755396188	26.1991752706723
30.3202594522535	29.9291471767160	28.8553899178454	29.6218672962014	31.2080225923915	30.9084157431113	29.0558286569846	29.9945894678802	31.2416300959343	29.9999134232987	30.8464211055811	29.4440080247773	31.7772757639413	30.1802810750280	30.8731796436146	29.0772740649794	30.0010509586194	29.3249010821771	30.0479293167510	31.0790758698767	29.3694534599854	31.2597781269649	30.2651606253645	30.9296512623498	31.6052022653034
29.7179275755326	29.6960332424976	29.9101366156132	29.8126656187105	29.7586862373770	29.8444171925618	29.6592025647911	29.4633201156652	29.7149322477752	30.5100229584787	29.4157501036620	28.9757044709612	30.0058769294470	30.5087666495937	30.1909992032780	29.3069571155601	29.1175211952179	29.4012044965320	30.1331265468658	29.9389016936852	29.6563373142434	29.5020031909033	29.0447043238940	29.5626986611894	29.8547950603774
30.3669796346310	30.6126151147306	31.4992266310965	31.1396646198244	33.4332704728656	32.1908911480387	32.3148015865135	31.2554552761919	34.2616456242215	31.7840351690508	32.2525392019803	32.4013801720025	31.9795232224542	31.2948634087375	33.3776702633869	32.0622155619287	33.7390464596559	31.6082103779124	31.3268634949231	32.0133363951567	30.6497626238544	32.0253339583037	31.9222446274473	32.2988011997372	31.0604829196412
31.6491245457068	32.8617683712210	32.0725977950401	32.1168117407789	31.7104982622439	31.8468257148902	32.4117420680041	31.5776780209930	31.5064845086147	32.4608585072239	31.4989102936403	33.2268971066508	31.9587711478435	32.9162936296457	31.5782659967329	32.0815936379958	32.1941629988019	31.9101308838555	32.0871988108717	32.2227292760427	31.4053083137669	31.8898896813862	32.1701474463481	32.9098806287510	32.5198083939976
28.4286150505774	29.5042132261309	29.5280296843704	27.3537226586427	27.2213676245227	29.2174724464395	30.0953701083725	29.6536531492789	28.5676615532534	28.3066773061769	29.8390837813273	27.8952519406552	27.8077636274211	28.5555403583951	28.8820242182982	29.3439899415535	27.6333425679892	28.3722913717769	29.3582796021715	27.9539251697993	28.6494771793343	27.7515335292869	28.6747921314544	26.4810830092194	29.2090064372190
29.7097316920987	29.8164886675949	31.7644610169638	31.3707397165200	29.8467799864794	31.7814816515698	30.1506355777978	31.9750692747256	32.3072122321946	32.4359991038077	29.8873576770405	30.8931276063091	30.0457260416459	29.8000803936577	31.4044090767719	31.6130269986008	31.1721471214943	29.4823245033556	31.5643209064197	30.5569184203301	29.8074238133923	29.3843784103857	32.4489415692726	29.3983581493403	31.2051045253199
31.9722555434255	31.8861113217461	31.7738438580298	31.8855749807821	32.4251590157563	32.3614446797928	30.9348171626270	32.3469756418858	31.9850534097553	30.5970915460590	31.7218784989069	32.1611162526745	31.8962130202142	31.2524595935045	31.9538415151728	31.7500126132317	31.4798279080567	32.1999811212585	31.5471583245907	31.7746592761626	32.6565459671542	32.6350467615809	31.6259931551930	31.8104889180363	31.7050369685760
30.4873825434216	28.9083493677802	31.4703147512125	31.5111282232940	29.9245919804358	31.1089246440066	30.5525064808269	29.8929509755876	30.0397792580538	30.7978524774058	29.4003298767862	29.0664206649034	31.0452286854476	29.3523438753555	31.0377420000296	29.9109274437981	31.0557403057914	30.1296131915566	30.1409088610104	30.8976621247785	30.2754113765760	29.6165891586064	29.1814097578207	30.3897428877594	29.3634356236576
30.0839171383815	30.3155555274157	29.9266549060165	29.2400457587939	28.5564741940409	29.6184728131513	30.5961656463910	30.4693295170706	29.7728197494444	29.6153318395627	30.1234635006788	29.1748061318351	29.9318910931127	28.7762733922558	29.5862108965333	29.2910431732871	28.4469897347167	29.7669999279174	28.7063850983402	29.0139341483447	29.8443924234303	30.2162318214967	28.7739150332745	29.2381604680271	30.1476526070610
29.2300766277056	30.4370989137005	30.5779418348589	28.7627920088941	27.6748446371426	29.8375352429236	29.5202120210144	29.3840665351997	29.1832255134111	28.7889379655485	28.5549695159015	29.0444887534131	29.4024268338028	29.5407052197420	28.6352860546932	28.8747419089547	29.6503353104047	29.7720948053432	29.4105428939393	29.6228705079525	29.9238819150454	29.2842097254079	28.8148716975420	28.4919266662640	29.9614604114810
30.2520234032835	30.4489148157548	30.7110812445945	30.7113618768455	30.6653420144207	31.1175726395732	30.1323810576017	30.5570297866282	30.4882656942754	31.3027305804515	30.5732232320329	32.9654212341321	30.6309772431772	31.1348915915219	30.8389046963041	30.6172336092125	31.0686240390321	31.3731663527588	30.8213780537029	30.9332919825285	31.4935011531220	31.0911799493730	30.5230433832469	31.1039072491145	31.3861200366502
30.7656490937413	30.6653605137810	31.2361554063139	30.7963266367820	28.6355277751163	30.6257813324720	30.6704501195706	29.2380303948851	28.0962039304352	28.4272174271646	29.9941509099053	31.0529152359226	30.2814508424982	30.7062474547591	31.1604783757203	29.2586784812567	29.6364765158690	28.6931804492812	28.2506130301565	27.5112731690096	28.7497064163174	30.9178472119312	30.0606648340411	30.3648285460826	27.6651764022911
28.6023585991043	29.1240378583169	28.4350680683547	28.3858164590445	27.6847537840361	28.4254998012769	28.1493568614558	28.5152226408719	28.6762526296661	28.8295506112848	28.2428111518411	28.6960745781482	28.6290883924538	28.1716828419953	29.7403587458388	28.8131456589038	29.1563891117537	28.8755675237952	28.4292709615154	28.2118540221201	28.0589891323946	28.6162444045418	28.9423154398508	28.6290210361853	28.3751281149062
30.0195571913729	31.0277337351629	30.8508088142251	30.8224768186060	30.5750816425357	29.6635736420048	29.8299997710067	30.5571244174988	30.5226008344630	30.0998513171028	31.4550567259175	31.5265901627145	31.1286506994679	31.6229669980652	31.0221052505796	30.2310426256758	30.6083888308941	31.1816707971591	31.1654785474592	31.0159564369774	30.1863236310170	31.7942785303683	32.4532632820393	31.2744541057854	31.3878773555341
30.6170759465553	30.4187555597031	31.1647671574333	31.7403299046040	31.0852128406699	31.0575836972474	32.2893579120246	30.6868794326336	32.4052819760181	32.2565272684708	30.1431212061020	31.2736428855887	31.3473934479523	30.0620850012988	30.4263510250824	30.5015594456110	32.1809280877576	30.6583155930969	31.9606767610305	32.8584733586510	29.8686897134812	31.8062631627245	31.8386910771745	31.9123535509744	33.4387824117756
28.5031048818082	29.7198290929976	29.3731139242486	28.7250611247405	29.9599389835515	29.5193816440254	28.8067224724646	29.3791197647933	30.3400888584533	29.9394590550255	29.0557506887656	29.3899655800631	29.8442794711429	30.2547031183549	29.6878937656665	29.4462103026253	28.9422582110056	29.2440503810360	29.4473511531309	27.8193192264772	29.7589223737360	29.1880043038505	27.7504502683000	29.2696572111909	29.3256574512359
30.0408154233793	28.8246199066072	28.8674894940344	29.9304418287993	29.4879514668663	29.9185960085807	30.1160897285007	29.7611559423434	29.5043164746857	30.0889708786955	30.2786123974847	29.0917672200020	30.0465823290192	30.1235833088113	29.9367799629744	30.2423468204571	30.2418552688745	29.3464077766151	29.5845562877272	29.4519399087692	29.1535909046323	29.8034670395387	29.8053115474662	29.3274439385012	28.3454199901698
28.4169045743670	28.5907425013177	28.1091109762889	29.7920454767284	30.0073726147298	29.0400600005580	29.3781555280046	29.2697049923062	28.7308496596188	28.2743685404743	30.1327132401956	28.0985261479441	28.7252724939251	27.2758978617451	29.0746255990765	27.8047946744451	29.4116660977564	28.3302868491891	28.3330066266230	29.3114099848617	29.7716427151336	27.6483619728254	29.0926874345778	29.1627237538125	29.7468671976299
26.8529946884715	27.8714165814180	27.9260771898444	27.2120290930152	25.3522324056663	28.4567530520481	26.5533157551655	25.8345042818166	27.5931322924801	25.9362013417740	25.9884371032808	26.5932241471639	25.5791024733754	27.9716947678616	26.1578678090883	26.5395714887440	26.8415381012737	25.6261760453458	26.0184703110289	26.7149412651124	27.1192278799436	26.0523753733663	27.7135266204174	24.1598638432759	26.0467524297147
28.3441993365092	29.1812503719791	29.9228873769012	28.8721892689130	30.1445879779180	30.0431293297718	29.7561995240398	29.6123430117783	30.5546915296821	30.8359163395033	27.9272211817684	30.6592170735713	30.1550926428595	30.6407467066852	29.9950550515710	29.8115917169809	30.9715984671841	30.2418389275609	29.8103482942532	30.6065040362074	30.7919433916438	30.1391777651532	30.5895995597110	30.6031551639569	30.2734997295570
31.8574301825290	30.0911132620037	30.4034000659364	30.2535123402281	31.1851416432794	30.4127631606661	31.7684521979261	30.2484317284146	31.6877389941049	30.5019457157108	30.2025199522097	30.7665950853343	30.4641896720064	31.3751718735432	31.0885306988821	31.4330082522465	31.3715781241614	30.3061209019323	30.0557007532825	30.5361438353189	29.7579742127977	29.9525972356362	29.8450806246372	31.0104026342462	30.2724884225681
30.1439997430422	29.7167619593159	31.1233929339307	30.5982748459029	30.1285147769020	30.9956630359965	30.7329754332816	29.8393539392201	30.9485407859132	31.0396453611705	30.0632574503934	30.5717260764811	30.4677884257613	30.8891603038040	30.3059543586528	30.5126424113726	30.7624927306196	31.2278187886634	29.5489175964604	29.4897617572460	28.6840325951322	29.7317279056448	29.9186645399312	29.6773126729728	29.7559860360929
29.1685359956877	28.8717172223697	29.6417125338270	28.1271032177568	29.2860490924312	28.4966102944802	29.4651630977453	28.9172867761390	28.1379996706074	28.0395525846929	28.8122751481586	29.6586704634648	28.3666856457251	28.6251516579916	28.3330926380446	30.2711967871117	29.4627604325278	28.8545720867173	28.0641559200938	27.8583732923810	29.3314724935469	28.7316125558755	28.6279530564978	28.5261981878746	27.3309311290286
30.4176360849527	30.1329250278368	28.7002777776743	30.7874105977777	29.9062278145205	29.1602628566159	30.2574207327873	30.7014167396827	30.7849046226924	29.9191358458342	29.8274753372768	31.5733635897608	31.2528542049586	31.1413134346347	30.9351177557318	29.4210229145653	30.6916512432783	30.5197553629644	29.4393987144534	30.1837763918932	27.4258857076088	29.2248331050060	29.5699301245677	29.2512418736311	28.7647895690132
31.1683977779469	32.5384833936256	29.5125468730021	29.9409575299267	31.9058497237045	29.5039026030506	30.2042675817516	31.5043033985575	32.0395278110878	30.2855989205094	28.6460324937990	31.1324553385821	29.1212651518598	30.6114016803124	31.0417478439674	31.0057449842175	30.8085069452454	29.6105532245358	30.8517997800120	31.7150810848362	30.8075553388942	30.2081547780414	30.8578578414219	31.8978484791041	31.6172938916579
30.9322013444819	31.5993463405801	31.5175316275762	31.0671653932726	31.9878785071242	32.0426171621165	31.9323431902327	31.7191514968120	31.4038564755451	32.5855794125771	31.9450245793541	31.4508632347820	30.0313412765281	31.3814593494574	31.4531579523726	31.7688019413827	31.8974524897523	31.4859939054027	31.7497562670025	32.4376773912934	30.7467100325528	30.6153758736221	31.0198769499021	31.8115507954333	32.4638693823459
30.5688041689855	31.4808373190435	30.3322348392557	30.5895805262416	31.5324352219565	31.4337738421943	31.2214903568101	30.8487785654433	31.6738288437665	31.4822909021373	30.5555655387164	31.2396009720761	32.2234168003320	30.5242310314175	29.8743652655412	29.4948152051916	30.1935402043597	30.0295670158985	29.9898055592596	31.4410153589055	28.8995788673352	31.5743756236251	31.5588254946453	30.6756301206096	31.2044409537311
30.4557762448193	30.8928784368682	31.7902166972297	30.9013644374206	30.6926775056398	31.6263299799100	30.3361113900976	32.0396814209801	31.2340410926934	30.6036258508516	30.5630674332613	30.4321233056940	32.2126664770703	30.6880647820755	30.8738683637415	30.2101965954746	31.1019292831118	31.0178776590108	30.7463961480973	30.6200893728754	29.1577371768048	30.1071783425853	31.0032849811029	32.1694850350733	31.7978894526878
28.0184612419357	28.7909752468849	30.0047682190100	29.1075583566446	30.6568707796576	29.7496594386677	28.5721899222726	29.3977922992034	28.7281741066679	29.2874356802038	28.3579424691145	28.5507446628689	29.9262720396827	28.4126236782756	30.5302413792298	29.0164307650515	29.0065953241595	28.3289611225204	28.5578473798662	28.8472888045718	28.5842542480521	29.0583847020169	30.5837559710469	30.1074295512735	29.3673911180994
28.1474947558876	29.6505805991054	30.0080323698661	30.0131435060112	30.0330185065467	30.0501455296955	29.8587453545151	29.8267433385086	30.2355798620575	31.0103938372700	29.8753636344361	30.0856704718056	30.0140770681470	29.6604106360561	29.5666190999959	29.9393517866032	31.1279264331295	29.1267614960427	29.8328079987581	29.6511309481350	30.0265958960585	30.1121701313737	29.8370777284984	30.0180932847131	30.1547399934070
28.8568228825057	29.4691193394092	30.3781973623688	29.0882084429652	29.2611801609120	29.3925049263987	30.0294283273921	29.0427464808435	29.7627621211065	29.6222242897877	30.2125022906493	30.0326761797443	29.4823122140003	28.9774228117124	29.3311962801584	28.5046177484408	30.6877445838463	29.9052071339133	30.0716524999923	29.8285526820087	28.9124832148271	30.9795396537933	29.5452455164597	30.5922658197041	30.2575970386924
31.1144694296747	31.6431258226142	31.2054423860569	31.6231183117432	31.7603944091976	33.0602012515373	31.8619375803561	31.9368270525315	31.8606268573058	32.0686828872125	31.5466584802803	31.7074268435356	33.2350911188681	31.5801848286647	32.6450255380192	31.4582744250889	32.2232465414401	31.9081336854947	31.7670313785804	31.2823911121256	31.1478033446303	31.6653987378319	31.5448473860229	31.8513339284854	31.9100476284444
26.9591985658161	26.8340196514424	28.9535103744379	26.9016806937334	28.6823451154385	27.3670630039214	28.6088105878436	26.1334550292775	27.5466487867680	26.5724651650760	25.9704820949579	25.2621444166123	28.1123879845469	25.6343007123164	28.1579368438411	25.4418104493239	25.9540691770690	26.2015765399940	25.8025680947768	26.3465363531510	26.4209401026088	26.9212410638040	26.9079280281304	26.8650590646831	28.9778844737127
30.7278270593545	30.5861479038335	31.3073696141262	31.9252001765070	31.2813517116994	31.8158568356716	31.7356236544317	32.3317926299799	31.2093726635053	32.2507245907504	30.9471858497189	31.2281957795715	30.8561175424083	31.6324277366415	32.3420514978453	30.3656835820572	31.9491443460125	30.9668536059258	31.5411082557242	31.8726722365528	31.7087613024655	31.9746513690393	30.3760701418153	31.4666346847955	31.8368979957032
29.5393282029861	29.3896015408299	30.4530771567151	30.5264749201026	30.9721097809192	29.8849441687036	30.3100244323012	30.5335381830815	30.2471597405474	30.1860650085909	31.3839232284991	29.8070230294560	30.6631692691752	30.6958422685135	30.1941088425444	30.0636148017327	29.7888080528945	30.7393059678861	29.6864220275316	30.1672072151808	31.6145503912693	31.0050743500204	30.3062508014682	30.5930110938605	30.2208381593594
29.2637536833181	28.7539302688065	29.3992584457953	30.2525837642436	30.1131481878918	30.6218466632798	30.3195912064704	30.2383928936712	30.7576090087402	30.2435548598591	30.1979350481390	30.3548470967987	30.6993681269928	30.1127747424711	30.6393498346374	30.1643696182510	29.8080878886945	30.2153255886876	30.3301056641952	29.7187548442692	29.0844858537587	29.8981184887657	30.1637001267445	29.6781724163986	29.1330632945199
31.0547473003335	30.9820960320522	29.2700236729116	29.1069975247814	28.9887749765197	28.8107984989437	28.9359099122106	30.4035662334479	29.7366888385234	29.6309064847447	28.4286077670151	27.5383738877945	27.7937043874605	29.2955985105848	27.7219281870825	30.3397651495017	28.8895963855088	30.5980002401847	30.7300714491577	30.5357773610137	28.7932217362141	29.6378358759782	29.5708390968573	29.5055099555637	28.2044329003589
30.7116421000732	31.2413905285425	30.6136730977610	31.1520255564233	31.7367912567252	31.5526284804566	31.7465313663653	31.3664423401471	31.6013256229720	32.0568149169618	31.0313344055732	31.8981400028449	31.3890014938820	31.0061958212334	31.3297956539382	30.5585192239636	31.7756832844468	31.6656843551418	32.1630287460575	31.9813735178114	32.0630182840993	31.6892728727728	31.6119119840997	31.6986481054398	31.9794666542717
28.8461188009034	29.3861447220070	29.9699424361764	29.0439010530524	28.7103272233629	28.9621482692169	29.2881316674855	29.4189323000496	29.6957498526461	30.4051519298471	28.4510264116754	29.4255410329227	28.8911953200969	28.9513276475918	28.7107117155855	29.5383967703773	28.6159402002145	28.6971800848585	28.6761281993503	29.5152954866993	29.0977788468754	28.9440912621937	29.2074617897217	28.8227012842813	29.4312804783532
29.7112586339274	29.7018314769579	29.3615026337917	30.1985543223628	30.4051408408318	31.0338536571981	30.1323507096676	30.0582689408126	29.6690699273590	30.2411479039787	29.9740762348015	29.2573818341625	29.6310801551690	30.0174011071190	29.9412945290669	30.1302140665975	29.7217162699248	30.2765472545797	29.3700342099024	29.2428478239441	30.5224514218692	30.0077522109956	30.3176462929611	29.7107217042373	30.1512149210718
29.7382424920636	29.7127044328466	29.2619452306771	29.7393782510898	29.7264852259743	30.8913976552258	31.0432009060492	30.4967738710510	31.3076308982617	29.1266910806390	30.7497371820608	28.9732076871065	31.1178977819355	31.0720421087407	31.9201764992481	31.0042650276801	30.7204171640919	31.3380002241783	30.9185955257279	31.5683994880280	30.5050844769444	30.6314789207704	30.2888944453554	30.8971900765319	30.7967539618269
31.6354508756372	31.0692904186682	30.8370367683627	30.9471420306168	30.4661115981981	31.5915210892223	29.3698284989705	29.6425710559693	31.1852577684957	30.9709427900613	30.6032551927589	31.0935962987323	31.6267154948187	31.2518030301460	31.4812396485208	31.7044397055327	30.7795762648916	29.5584322643230	29.4784050063904	30.1822561431389	30.7961306203662	31.3579552503564	30.1586043458632	32.3150459127177	31.5097051892083
30.1258694859547	30.8410607565823	31.1076058354920	30.5480817546343	30.5906656440852	30.0237799714429	31.0069826555141	32.1471489941958	30.3885649154314	31.0830642921412	30.0629865142064	30.1850728446783	30.2444410758881	31.0731033808315	30.5195257371162	29.9410992550488	30.4485664693004	31.0644207062516	30.2789686152418	30.5032318209172	30.2121519148061	30.9218198324544	30.2022381883800	30.4311232690715	30.7587374527846
29.7890536374928	29.8859188987814	29.7605933253116	29.9970504830549	30.7423791783888	30.5030373420995	28.9777613328244	29.7860719512347	29.2833364542222	30.6418436968576	29.1790526612494	29.5356202721591	29.6319748483049	29.3695221713007	29.2732384956055	29.4561743974675	29.4556201631200	31.1385408590970	29.5193712893960	29.3421640106022	28.4918337680848	28.9480368459385	29.3575189705060	29.0796069017257	29.7784831608930
32.5863042575753	32.3037069990467	31.7466712845297	32.7245630813541	32.0257128853688	31.2181561174330	32.0136025789193	31.5190011397714	32.5288656671231	31.3074968867860	31.6062150731568	31.5189294503269	32.2134622168344	31.7488816450994	31.7974392213503	31.5899860216495	31.8003543707369	32.3745337639192	32.5999263561195	32.3651612954087	32.5020486763436	32.9194936681082	32.6722858162693	32.7967668389576	31.9391904122295
32.1877595572013	32.1407024729713	32.4569278427742	31.8171683619681	30.6432058494772	31.2917253045414	31.1445886355182	30.4185536182486	32.1235569915905	32.2519204116418	31.8660226047984	30.5628870972478	31.9840310979992	30.4573382424452	32.6089830487740	30.6738791071228	30.8708705219046	31.7957374628436	31.0422029643366	32.3010079919035	30.4054577807207	30.4851484419941	31.1474909303938	31.5158092685901	30.2816420445276
31.0731837287799	31.5659087406719	31.8113617264082	32.2135996865617	31.4036497761276	32.5022546118220	32.5642331946653	31.7148535567196	32.0920847280691	31.9401992663401	31.1309778882427	31.0705304739562	31.5446451986658	31.1312785481006	32.8647310360600	31.4403575544349	31.8968559950248	32.0455967758039	31.4556252263421	32.0815994381766	31.3533646030978	33.6341581798808	32.8523635544040	32.2879414834657	32.6699839490623
32.4345089121931	31.2756990071771	32.9094782553939	32.0882157222921	31.4352667093581	31.8462235273680	32.8345210223775	31.1989775969987	31.3415634165226	32.7821253286283	32.8512347967421	32.5326152347727	31.4521636239470	31.9456995735943	30.9096136049276	30.7715406113446	31.4367978874067	31.2571109664206	31.5224429076885	32.0854487107951	32.5885231364698	31.5666548008059	31.3015025569745	31.1722786431387	30.7930734044308
29.3261839597217	29.5767078154832	30.3541394955779	29.4198293228656	31.3361586223800	29.1243895359591	29.5106671825792	30.4378981587576	29.6600945600886	31.2039999145078	29.7791623349344	30.1462978267092	30.0452429203931	31.4726525951531	29.9999191398091	29.3828968246920	30.1300841811005	29.8680969553536	29.8579014158398	29.5780552209834	29.9720032609453	31.1760571360171	29.6472030400101	29.7682970935722	29.5912550414393
28.8299757601097	26.9794557328452	28.7283335217940	28.2767723403986	27.9628573018536	26.1711057543551	29.3284989005598	27.9047349736109	29.2295484363900	28.0400030932142	28.3038157717217	29.5611204313227	27.8355698313407	27.8012819415929	27.6155541605943	27.2606842206501	29.5062585377459	28.4176926074153	27.7801300547809	26.1776083797963	27.3577880794478	27.5836369710006	27.6233277967371	27.3502431115457	27.5361161152390