29.0891098408637	28.3922996519159	27.8530298338228	27.7777664004626	25.5318943310320	29.4176614035920	28.0291724136006	30.0333640476164	29.6482204770289	28.5635672774518	28.3515514017297	29.7200521344899	28.0159572913721	28.3858521531760	29.7124608557642	26.6367229097099	28.0167700785266	27.3569550974938	27.0661197108300	26.8176732325603	26.1557687647883	26.9131432066557	28.3725548258593	28.6587600671717	28.8916777882563
27.7380418678393	28.1870407723946	25.1966229471918	26.9834452645102	25.4444029760437	28.0208892925940	28.9192642617531	27.8314516650027	27.9182842203666	27.3840833459486	27.1199188083390	27.2879988095430	28.1221914715377	27.0594643817504	27.0925487326187	26.5795608522011	27.3820844010038	25.7102057544576	26.7648313266779	26.2998053085038	26.7827553618540	26.3076880158540	27.1632758543785	26.0591245050089	26.3387651187450
29.3477934117159	29.7620169554351	29.4626184350137	29.5341440073287	29.0973755035242	30.2744857411633	29.0579408801538	31.0465356025835	29.6353119594223	29.3509801345394	29.1400982420167	29.7079119301441	29.0817830696657	29.6880787360978	29.9262477870177	29.6037365044455	30.6542140099748	30.5520085980728	30.4535185061428	29.7674325238884	29.6015702204616	30.9834880799254	29.7360011012808	28.8974599569334	30.3530712554354
29.1373988530757	29.0902641900292	29.4466236419779	29.6448562236292	29.1125744039011	29.5157858623925	29.2671071578056	30.5275172046999	30.1768946200857	28.8142937219420	30.4219458167302	29.4145819536173	30.0477126810318	30.1863721379786	29.5841467592241	30.2498329734640	29.8063552569993	29.5208392738481	29.6551093948855	29.8588744142270	29.8993793545833	29.8043912914752	30.6551678725408	29.4092041409948	29.3379598886658
26.9998090404080	27.2910382590808	28.5833417116040	27.8109583212854	27.8165017447691	29.1208406651419	29.7580270919212	30.0384234266096	29.2562762527760	29.8304093576042	26.9158680505084	27.1335475220372	28.9007709212484	29.6769270959665	30.3086664646734	29.2473926023275	29.2814776424742	29.6441597340377	28.5687087290811	28.4517077745802	28.6201499820587	29.8534673356667	29.3209895864795	29.0717518414876	29.0553124209258
29.2205610717126	29.7285033936159	29.5107022611647	30.2612560826208	29.0445928545265	29.4385719143633	29.3631335121829	30.2816761372165	29.4352468851306	28.9611822612806	29.2674644265081	29.6144409728021	29.7817377132534	29.1926422499028	29.1557509834881	29.2977440421950	29.9949030935937	28.9642726134189	29.8304481890124	29.2706970543783	29.7806986813960	30.1009811175888	29.5052480187886	30.0132897111728	30.0817033830531
28.7799386875868	28.7164875058297	28.3865265462843	27.8773296898372	30.5951003342703	28.9194558123529	29.8308778869588	29.4321807716422	28.3026405016389	30.2444495366167	28.1455617334814	28.6828701174949	30.2721142327930	27.4456985277912	26.7884104283534	29.2497763369193	28.0090886221464	28.9426502192087	28.9801379226906	27.9271374834148	29.3598259447861	29.1816322044437	28.8821881857596	28.7731371412064	28.4312713286118
26.2200178520492	26.1303540853943	26.6330222590358	27.4952413031252	26.3522346943161	27.3056904346864	26.1266465715033	25.1451762949270	25.6643913147941	26.1448099329552	26.2331331414640	26.0176789915222	27.8308219553282	26.6163799237870	27.0838020720562	24.9752899477167	26.8088115967242	26.9855831435710	27.1477287364341	27.5529422004642	25.0589873921816	27.2582819535350	26.1861177090532	26.2986009136780	26.0530996771703
28.5395139589168	27.9412596607954	27.9795805577389	28.6095436359941	28.3287985241472	28.1732641199882	28.4978479279883	28.4415439873802	28.2969884303923	28.1144460685747	28.6519237572073	28.3600837708575	28.1122350757892	27.8042978242103	28.6510584623219	28.1307869906485	28.4626194562111	28.9175538244407	27.3608367829186	29.3058078488521	27.6570094068030	29.0702860079837	28.4217629659687	27.4761207980549	28.0926356079728
29.0626347702374	27.9535571498118	29.0304643992735	30.0401848905419	29.3384534483178	28.2433507339238	28.5503292867495	28.6803745531853	28.2798884936974	28.9824739768312	27.7867580909040	27.9879581239484	27.6805894657198	26.8485590354203	28.3893146546518	27.1924983306297	28.8287020304253	28.4551393019979	28.2824678587641	27.8315129840975	28.6305592095991	28.7782100062569	29.1576697184785	29.2005624912479	29.8608418007920
29.9331832166970	29.4763714162066	31.5660514503828	31.1986297087868	30.7344774613694	29.9663609718606	30.4677880699316	30.1608187256355	29.7839805802838	30.3720527600742	29.9696492497445	31.9386630709159	30.2091850240584	30.5944647283139	31.1976415930365	30.0553838511735	31.4735899692668	31.1973715007290	31.5464670396571	30.9078119815379	30.2619448072446	30.5318085467845	31.1621052990256	30.9758494311205	31.5289532749480
29.3836067556988	30.1873873224135	30.7008913986626	30.6105137137125	29.6965671947708	30.9146660792549	30.8754555625414	30.4382301083137	30.2285962064356	30.3553410624566	30.6523017981561	30.5697383359716	29.9071710475317	30.3202418871005	30.5774232605618	29.7851878449165	30.6934284031307	30.9245445409878	31.0369221901701	30.7418860634233	29.7069359658450	30.7216324750906	30.9693252276382	30.6153992969240	30.4177701114298
29.4176246036817	29.0908871880373	28.9677165586007	30.7109506038627	29.8483295226417	29.3251446483046	29.5346514021204	29.2062454162700	29.3812980121976	29.9129841289468	30.2284100747174	29.9724648238386	29.8077772530954	30.6419195611831	29.7755945649627	28.9045399457719	29.3077469433219	30.2053998663793	29.9870902853353	30.4325113980449	29.6446776220201	29.4757441740586	29.1689317669265	29.2902544160103	30.0995320369752
29.3142282752537	29.0366657272725	29.0189172585781	29.5248913099684	30.1147103911444	29.1815031029954	29.1792990868058	29.2810471469565	29.4556886937989	29.1584569457406	29.1157944241878	28.9894917353805	28.9914487140396	29.7001455095657	29.2299066745826	29.8622871857772	29.3102845706006	29.4368484863443	29.1235635354111	30.2354799656611	30.0216273346960	29.3005356327763	29.4743481532230	29.3245497820275	29.8609824686710
26.7480729630059	26.2792207282854	27.2649228813097	26.7342503235588	27.2310861858472	26.8921466794038	27.9994714163992	27.7135463108546	26.6114796943336	27.5442821908347	26.6185913439866	27.0526502969689	27.6073257778078	26.2233524290544	26.8961042961748	26.3787434948936	27.6327835933255	27.6570583377810	27.9285036825132	27.8828987044668	25.6263947631412	27.2974818004096	27.0737038152009	26.9732113564593	28.3600517892630
22.7142262813495	18.3263125443682	19.0750382634683	24.9045471054656	22.4888203876201	21.9698707313568	16.9446441041295	21.4214730766399	21.0410293123876	17.8561553525926	21.0610958354931	22.2609319367370	23.5463444992459	21.7041941419302	24.7793255327596	25.3044012780143	22.6700387813031	23.2636116864991	21.7604590686035	18.3953451768665	21.0807766334248	24.7414994086856	24.0079584832972	25.4547567909051	24.1691961227010
19.9131647001095	23.0406125558502	20.2230225845456	21.1033370416060	19.8770985263678	22.8914389170803	21.1278628114209	20.8245508558607	21.7713231916487	21.7221645261543	22.7440531304168	24.7647655537507	21.3769105323011	23.7635116359318	21.4525691418442	21.1614281391429	19.1100727421864	21.3862369988898	21.7807152536786	19.9653648658403	21.3829257752848	20.6642553366943	24.7531670890575	23.5463381473018	21.8339650818977
26.7179511711979	27.2900599181801	27.0988056185817	25.7837216042151	27.6791803289248	27.5729310947804	27.8313628515847	25.7595628264830	25.7130833802446	26.5627964700873	27.5259490710703	26.7345652857850	27.3650903663434	27.6843149745114	26.5048747966215	27.7169723870434	27.8450246195404	26.8772132777857	26.2816739728245	26.8489531630678	26.0197105351378	26.6087425190526	26.3619750948602	27.0102457450500	26.8623571743276
26.1162625119466	27.1966712995821	26.5231356500743	25.8888257777460	25.8084172605978	28.1192582453400	26.0527253727450	26.9112495286054	26.1124301154891	26.6679578136514	27.3457778558194	26.3449054681448	26.1513766149327	26.5640849202303	27.8788783444227	26.7298760364817	27.0999451439630	26.2311783595002	25.8070989580753	27.1925077189642	26.3564115194758	27.2031877357568	27.2539351190002	27.0464613471464	26.4739202475751
28.5633736966628	28.8967876786010	28.9975618150791	28.9861464100620	29.2426046839546	28.0150327209710	28.5192176246453	29.1851531607482	28.1907161828354	29.3395160162736	28.8198251835472	29.1210067435703	28.9318050603655	29.0844270742975	29.1502634196387	28.8295861832569	28.8693659331406	28.7118255495582	28.4227295923786	28.6329977432329	28.5360957094605	28.6655245058005	28.3123555459615	28.8726021389758	28.7343752705569
25.4227662593156	26.7798360711818	23.8891772343743	24.5428897400077	26.0673335958464	27.4216836318435	26.3802923647230	24.4752453893850	25.7940365035093	23.4083160528472	26.9988053029887	27.9599136029970	28.3892712062328	26.5994013419666	27.1589204849415	24.2984767118540	25.3612520116353	27.2994797708452	26.8152937695034	26.0520360143038	26.4911852507898	27.9819059521390	25.9142982006192	26.0670653124155	24.7608298774818
21.1799859817122	20.4052216888094	19.9603254290154	22.5395363269860	21.6581672573373	22.1407221608864	21.7765755479462	23.9069362010478	20.4059996163768	22.9136114940917	19.6082022820278	20.2067743472126	19.5940623014233	22.0137287131151	23.4290391391009	20.0952074237811	23.5617510696291	19.4146916398407	19.6688199943965	22.6376230297281	22.0254581325865	23.7790521506438	22.0052063537464	22.6012070336692	21.8210808891350
22.0455454918506	24.6816900199982	23.1107582706686	25.1464309410188	23.2729780251452	25.0964147124107	24.5873489411575	24.2397435055184	25.0142102178043	22.9095937403136	25.7258850444956	22.4982676612606	24.4598559876429	24.3662670819927	22.9840138033889	25.5823501847956	25.1999707963278	24.2132978295195	23.6490608817336	23.4067240996156	26.6980212489684	22.8656964828173	21.7748090750380	23.3479274519673	23.0587698966651
27.9462977919466	28.9540262012763	28.6317943743821	27.0481118387161	28.6867100362809	27.7134086074501	27.3009799445431	27.6428702790986	26.8466488771634	28.1305273464416	26.4734369845274	27.5952259838935	27.5005437753681	28.1322754062159	28.0109777618169	27.8674349011288	26.8784150272902	29.5936716763232	29.6411878144301	28.3491047898936	27.2361771233310	27.9613478053241	29.7132214473897	28.5586436469355	28.2087755055542
30.9140571434844	30.7110822334613	30.0531089044922	30.3452403064133	30.3449749437065	29.8614790639973	31.1318089858102	31.1675851888254	29.8862838951595	30.8997074848404	29.8802372938203	29.0444223126248	29.7092979263583	30.2181052633477	30.1755192111792	30.1779105367981	29.7482604190317	29.9009214194112	30.5190382313583	30.4492096566237	32.9603556001233	31.2493808030408	30.2862213876302	29.9652033245988	29.9207631133124
29.7790595514910	29.9170572805049	30.7872537709248	30.3806606666941	30.1791471275767	30.4960210436099	30.1405966927276	29.6315493463983	30.3737054267757	30.1825117246348	29.5420285728562	30.0511667101956	29.4298751564823	30.0237072770032	29.7190346328950	30.0866811355704	29.7410573001567	30.4095789104774	29.9638623360518	29.4457209596016	30.8018032729543	29.8139055358231	29.9257481156000	29.7015572061003	29.7599668251711
28.6254167704509	28.6621319961162	28.3623529479843	25.6276359235275	26.6286699542503	27.8556227074362	28.3423646442559	27.1874751859194	28.0792237687216	28.3953930029006	26.0369107298062	26.5654167590320	27.4208624796970	25.8517914439835	26.8144241024709	26.4257355758052	26.9659917005260	27.3261909186391	26.8690732740016	27.0678492712649	28.6749285722237	27.4099372998595	27.3916538295805	28.4057152010298	28.6082104543868
27.2322529254115	30.3187045295686	29.0840322453194	29.7776878617841	29.6474467721510	26.0850912992333	28.7379637385674	28.9437513576527	28.5103022847533	28.0782612347203	28.4603254698317	30.4460702938948	28.6647627597654	28.4906925041674	29.7119552465275	27.6453013035702	27.6474120905482	30.7478217152794	31.4223665479710	31.1104981964554	29.3887699389088	29.7919403388130	29.1944325152452	28.7483733215765	30.2811044930684
21.6748476292279	23.9237167006102	20.9249980390653	22.7565018363333	23.2048782544495	23.4775818150697	22.5010375323006	25.2014057440695	23.7738618263653	23.7950517049713	21.3573288386382	24.8958231427129	23.7426451473727	23.7268741728975	23.3884361512233	20.6525524951367	21.4126141751112	22.6616786488289	23.2492411414891	23.0880089978484	20.7470902126478	22.5176064051978	21.9810125874769	24.2690768376229	22.0672210960233
28.4418498727999	29.1899091813930	28.2498385876881	28.6379819833718	28.2321676331884	28.6320109681006	30.2786284117000	29.6893769310717	29.4410782116370	30.0940826251878	28.4579859186349	28.4754659551173	28.9664072044368	28.3629974920355	28.4977679855797	28.5416714741484	28.3330111227404	29.5560269766077	28.1190087891042	28.7739872194901	29.1248553490224	27.9369647009439	28.7808451390933	28.3917684613877	29.4961459979797
26.9009393532256	28.0807070009759	27.8179799122370	27.5262374812599	26.4986698240822	28.7260406130852	27.3136428561951	28.6122243574485	27.6054326439715	28.0737240003218	27.6702323841325	27.9292836592493	28.2452358892859	28.4385637501056	27.2532160257339	27.9874178334500	27.3673325880403	27.8567522254120	28.0539124674008	26.7189762280480	26.7250877283394	27.8901360842121	27.1291508924427	27.1642731267131	28.0216978208050
27.2781014946588	26.8982769676600	27.7896157623364	26.8122306781694	27.6444810960616	28.2303019541116	27.2138953743518	27.6606757617850	28.2491925774188	26.9667555092245	27.7564756892189	26.9097619850867	27.6918674487014	27.2808926922981	27.7041879032017	27.6627116199365	28.5683090866500	28.3359911585788	26.7182885288514	27.2445753545993	27.9231961862855	27.2221340759265	26.6229330414019	28.2962448041820	28.3103906902579
29.4234558875693	29.2711816510830	29.4767795903335	29.6563290063640	29.9133143949516	29.0926272710339	29.5634069005269	29.3420999625826	29.8992851938868	29.8240129801098	29.0485271429109	28.9598496073609	29.7495655160513	29.4030881848021	29.2581921174487	28.6778082990130	29.2319490924675	29.2118591493474	29.6029810372871	28.7409848425824	28.9562944341407	29.8585927282848	30.2734322754360	29.5733426202559	29.9126197832781
30.1591630757489	31.8122902954507	30.3789253763414	30.9358284888966	30.8569548175704	31.0615714232258	31.5424466181774	32.1359873844973	30.3749791248163	32.1858827366760	29.7663994729407	31.2405555979335	31.6042840876655	31.1775639709706	30.9210340902400	31.0425532047535	30.6100311220551	30.7946258287894	28.8625571512963	29.2511624364580	30.7290466148428	30.5740768966324	31.1953752469155	31.2135405691425	31.3013611720390
26.6896832412512	28.5817571174371	27.9334786375230	27.9674607077170	27.5392543522912	27.4560137886152	27.8218856932655	28.3588081324357	28.6933260698426	28.4635649052860	27.1282827406143	27.5356019690293	28.4590527662694	28.2020946215963	27.1146473126669	26.8745486922515	27.1178846738508	28.0345041898838	28.4983105133660	27.9283234721750	27.1181271953740	27.1162966783669	27.6450353703241	27.4067136007854	28.4453997945136
27.3695920135277	27.9998680510315	29.0719985172789	28.3350692565838	28.6022590761598	29.6928188085104	28.3864785439741	28.5156923998361	28.3567194336772	28.1748223014619	28.9715358607569	28.7302553038994	28.9838490661661	28.6080224847320	29.5394837804476	26.2075388638327	28.5407173915044	28.3544871656732	28.6459511667157	28.1890419240732	28.4055519232560	28.1617736570337	28.5156323184560	28.4885946906047	28.3638683674104
22.7904572522814	20.7071974755250	21.7337281124517	20.9360247735243	22.3377073529661	22.6649031620026	23.2447762596843	23.0540503981405	21.5897140045528	24.9881186754109	23.7228187447270	23.8561128952385	23.8433303880945	23.7667681800441	22.8955749738617	22.1289483648714	23.3144676951554	24.9796219140143	23.4840962278800	22.3524277953977	24.3315145612201	22.1232978043374	22.9925161002620	22.7537268356044	20.6908611103850
27.9150330102990	29.9717818078020	29.5967675155921	29.6746562222188	29.4654157871692	30.5500915961552	29.5012746334143	29.5615375412227	30.8574625873711	29.1427486236790	30.2738664456125	29.6328681389590	28.5540741349783	30.1572338524046	29.8819076947685	30.1549417130575	29.0898255382202	30.2011573810617	29.7714453675734	30.5446792854273	30.1383356628161	30.8535355170819	30.1738667935691	30.5809799751930	30.4713492938961
30.1420262924593	30.7504401579722	30.4151152380066	31.1214341666290	30.5012852895096	30.6490938978175	30.6107112820974	30.1800747094566	30.4393892729042	30.1314178826357	29.7768383918523	30.5337387436518	30.4561277648272	30.3689495395267	30.3286019136366	29.2118794969591	30.3497694997373	29.9108863892772	30.2030071747096	30.8587412253247	31.0391247566451	30.5240835532806	31.7050581039608	29.7777030585283	30.9493239935149
30.0206466881849	29.4780319129150	30.8317783240627	30.4119903686757	29.7305203585047	29.7581287481452	30.0660346737385	29.2627628312866	29.3431847731178	29.9970084586585	29.5920265094051	30.0029879806059	30.2545368767296	29.6958533868490	30.5395384361875	29.8559484767281	30.3046310327870	30.0397561963337	30.3389225882262	30.2714513435913	30.5173547340882	29.2342332856615	30.6159827105121	30.2884520130412	29.4013041920806
29.3233050051363	30.5231909855486	29.5541379151697	29.1797059844982	28.8481063657544	29.6797852930412	28.5929016327055	25.7496847189842	28.5390227625910	26.8454398074311	29.3589564028193	29.4182921086028	29.8908297179016	27.7362254071845	29.7340489744228	29.0216168499337	30.3758216011742	28.8738134369240	28.1981402012579	28.9675622860553	27.7563831418273	26.9815302238530	27.8024179387468	27.1749132409277	30.1520325770681
29.3547668893317	30.6382493139432	30.5996620546904	30.5227856770785	30.4299463782983	30.7723187909825	30.9430176683400	30.7309825339252	30.7739679205347	30.9283981165214	29.7623192361866	31.0109500166114	30.4315014128553	31.1445612591554	30.8913402652980	30.3912863974815	31.2441328501018	31.1983587080907	31.5316390484528	31.2657466996616	30.9966595908650	31.4916524979161	31.4156359135409	31.3787476681525	31.7971741031607
26.3528369909221	28.1243806250265	28.8606840245670	29.2068111592744	27.3298953391340	28.5611696677645	28.4698727451864	27.9781121891040	28.6183990158086	28.4632588404734	27.6100627201326	28.7534784570386	28.4841373313736	28.6499725451889	28.7940432686397	28.7226540237126	28.3741980246276	28.6242662656110	28.4541493282257	29.7579318066119	27.6995744834327	28.8828301213310	28.5794048373764	28.8269885284176	28.5771120581808
29.1549778111191	29.1142703564927	29.2488355900557	29.2147537325634	29.2211936090234	28.5346216482976	28.8450680767627	29.2547924099234	28.7694412782604	28.5991037284858	28.5821616061979	28.7521205042442	29.0300010733570	28.9354389674334	29.7972304885406	28.2353323006662	28.4500244788873	28.6317235485697	28.9468948528551	28.7130298272760	29.4748750969275	28.5674301902597	29.5350734137663	29.0460228858841	28.6558517445614
29.2710120737147	29.1354855551844	29.2936237382460	29.5472765390259	29.5491701699134	29.9648103191871	30.6337048511728	29.1192931752006	30.0240335213877	29.8326167466648	29.7522613081898	29.5407104174288	30.3894961497753	29.9156013228722	29.8671581904674	29.5578344942969	29.4218968860062	29.4551666544273	29.6554304584360	29.7584666258429	30.5398921874451	29.7994889311352	30.6702425229137	30.3409649035691	30.3410951561168
30.2652779004869	30.0408044760641	30.9451311118446	30.4223021951813	30.3827141109363	31.0829383000773	30.9601333621258	30.5037741622492	31.2735907911438	32.0300558188111	30.4112520607547	32.8814717546878	31.0930151498908	31.1456484960355	33.1299520254779	31.1077018490173	31.1836570109066	30.9662873781300	30.8969274284360	31.0187630879963	31.0637689379232	29.5985888013981	30.7439112181346	30.8960845088092	32.0227561328249
29.2442794803356	29.7205181814115	31.8124485767965	29.2558559658672	30.6217906939460	30.6576148558898	29.0919459696955	29.3977151900975	30.1105011884379	30.4956844559117	29.3979142745564	29.0975425803524	29.5554827466213	29.2580687718962	29.3042151266860	31.8307338291091	28.2828051776118	28.3196828569343	28.5046994792631	27.8718854256638	28.9669527227179	28.8117060961548	29.0784154731679	28.9454763299542	28.5173397104781
27.2879705064578	28.1748778146674	27.4277759599707	27.9835928478138	27.1784945549699	27.5287540999955	26.4631814618015	27.6451166038353	27.4693904998069	26.6540608038459	28.0283014643537	26.6066781173433	26.0132794463804	27.2787595750427	26.7879179605783	27.2627423731578	27.1404941238742	27.3775795004174	28.0485465042314	27.3422837175437	27.0351677564399	26.6237284076933	27.2736158424271	27.1692617520977	27.1077896150420
25.6595125917982	25.6210209195952	26.2275083461128	26.0403927993857	25.7057920506118	25.8393379165409	26.5137943608717	24.9811145698702	26.5917286872422	27.6180509952889	25.7542299168587	27.1539299478958	26.9402738014886	28.0404935805203	26.8210338377914	26.5496653199891	25.9651783803775	28.5648546574233	27.5244668101044	28.1126143175357	27.5452047036541	27.7948680030159	26.8268773891317	27.8241920495663	27.1398495227883
26.9830948271736	27.1555889399820	26.6424153212288	27.6587352509880	25.6289253079175	26.6495366605477	26.5174440251271	26.2824129021158	27.0781719726699	25.5711777218097	26.3868507423646	25.4337550661955	26.2996093151377	25.6930688307689	25.7237527192610	26.5763276580874	26.3784068443942	25.7026910583599	26.7142531079547	26.7124557367698	26.6749407878710	26.6728191976474	25.7988534992102	26.9336775207759	25.1741819749293
28.5042037117702	28.3011681624538	28.0436428390507	28.3508959853290	28.4224854972913	28.7271480337524	28.2118229880974	28.1953331647286	28.7849314251643	29.0440429835683	27.5290847928194	28.1643001319990	29.2570513471041	27.1741807947619	28.8805411994967	27.6909314046044	27.0182790581123	27.0001417969731	28.0598304986221	27.7906254683275	28.3728963333031	28.7635494414696	28.4639472802041	28.7074737115471	28.3247777239535
27.2642700669298	28.0438457156922	28.5164435926250	28.2400527599750	28.5283190000924	28.0365197823015	27.9594201955956	28.2185420237067	28.2521474052053	29.1655176235185	27.3014244879310	27.7588881379717	28.8474976604976	29.0212646837065	28.6058595607332	26.9523257154565	28.0073780031111	28.2931532422930	28.1130836817777	28.7644882855558	28.2719563043045	27.9865302469351	27.8044249198154	28.0247126385691	28.3355614010081
29.7445147452669	29.4771261292331	29.8105278988501	29.9383429223051	31.1802409888108	30.8279901038443	30.9674937944248	30.8748407065649	32.8495609655641	30.5677598841068	30.5381572686566	30.3043108808152	30.4517853276978	30.3216338359236	30.4302347225410	30.8178292815030	32.3504005302075	31.1436388234357	30.3033011710323	31.0418999408888	29.9322501381451	30.0071649590238	31.1574284373194	30.2333937723353	30.4637792431403
30.8725495495094	31.2150637793777	31.5154041065037	31.3932998552005	31.1741214879379	31.4237821235660	31.4887905211093	31.2233006561594	31.0403376387309	31.4976019251560	30.5953870651051	31.1181337736291	31.6537555095835	31.7440034575750	31.0504550665921	31.2336537177789	31.3347248152694	31.5303095201627	31.6843404641590	31.5324309506466	30.9498125525918	31.2887222267079	31.4009633115553	31.3411271783732	31.4605965992647
26.9929053480914	27.8792059588796	26.8881118337778	26.5843757769511	26.0146437487563	26.6540911311013	27.3074261882387	27.9653609737060	25.6683245970588	27.6702987149503	26.6087815408163	25.0441039091850	26.2082105190602	26.8208791091167	27.6351687657649	27.4892849078266	26.4254692009370	26.9636441659133	27.2143988839175	26.8700255332267	27.8136135721049	26.6874526957387	25.6709167932850	25.7367309721419	27.5198571897208
28.7750615366342	29.3700022296751	29.5766669226673	29.0351507585459	29.2907951432953	29.4787282400116	29.5359078158253	29.7831949332551	30.1342027291937	30.0650234783475	28.8533770233072	29.2671644914366	29.1808250243337	29.2694091321420	30.1559647740118	29.5324703064228	29.4377936114445	28.8847586918608	29.5899559411413	30.0481413327425	29.1269523767822	28.8928933296447	31.8909623844187	28.6249680860765	29.1233418502332
29.4444659932608	30.2306496555597	30.4760995310304	30.1379032521587	30.4270826512142	31.0280733463645	30.2739563046010	30.5638997929037	29.6462234227285	30.2219916602781	30.0358473564611	30.5933761678999	29.7107839618672	29.6737550291242	30.0008256860705	29.9787475712496	30.0541777015355	30.7199283276594	30.2487510734607	30.2706635095318	30.3461204296507	30.9966903330053	30.1081240824332	29.6182681788857	29.8937734027638
28.0895998550933	27.7708874273364	28.4835504004442	28.6526525295306	28.4484303270274	28.6653328561213	27.5688900426290	29.3727199956112	27.9256003607753	27.6655191624963	27.7382788833614	27.1422531248721	28.5803734599161	27.6250233749036	28.3847846777768	28.7112750588944	27.8822229976571	27.7462758482385	27.8834034545904	28.0689004413327	29.0251569828269	28.3584505335560	27.7505668688387	27.7818356667612	28.1406028785172
27.5299174906154	28.1844037391442	27.0275849268030	26.5538844335461	27.8341956962798	27.5579066239454	28.7628585711231	28.3885149121123	28.1332911403926	26.7350434988196	27.5557549037244	27.7095145261695	28.2411361729998	28.0587003811800	28.0576990090016	27.7912810553344	27.7781640118957	27.3186388678390	27.6684569478200	27.0404276220567	28.1537034192816	27.8637414327350	27.8759460129141	27.5437854064328	28.3645183745373
27.1750025519079	28.0468446258321	27.8245519278047	27.8354376066064	26.7493599710967	27.8139207699483	27.4598806915655	27.3549360396395	27.7474649448116	27.3940317987691	27.5321718264548	27.6608457305937	27.6281851388119	26.9578276454736	27.2259190386807	27.3743393312171	26.4694071393656	28.0063613736062	27.8142741217936	27.6607158373076	28.1018151219180	27.4502274267730	27.2409450718396	26.9763167951079	28.3920257120630
28.8764933296454	28.8572775442949	29.3885928618845	29.1733958415149	29.5099209440797	30.1178008358086	29.0432837390423	28.8971552942076	29.7645701382988	29.7724900756572	29.2479816621621	31.2725309144998	29.5696109786563	29.4897283930480	29.9340729761299	29.1411097794537	29.6017185158695	29.5914655553885	29.3243448807516	29.2969483109060	30.0533144877768	30.1752873183433	29.9750598111967	30.5266657428033	29.8500275004331
28.5772936679466	28.3595312366051	29.3419546797115	29.9014937074472	27.8805757658252	28.4268241385180	28.7661363956117	28.2568528277516	27.4887224634221	27.7482493068383	28.7089652800934	28.9152024752752	29.4091257843607	28.4134378196052	29.0159165302291	27.0165252632494	28.5499198318773	27.3358348286262	25.9908657923107	27.0594976241170	27.7810008393319	30.5028901622820	27.8584069053648	29.8809246434463	27.1668581395420
27.1581714275760	28.3443950753814	28.1471229956169	27.4741243495478	27.1475221828915	27.8871597688369	27.6415512346959	27.8802908602516	27.9012493043112	27.9374985812827	27.4477204075991	28.2524247681968	28.4325012729014	27.4723416999160	28.4143357744953	28.3354440726963	28.9720586558119	27.3302091273682	27.9128457527038	27.7614255986239	27.3555609375203	27.9577539933533	27.9297065143593	27.9128931455504	27.8543327846779
26.6600442023425	29.2557976264686	29.8685336992132	30.0605898349739	28.8574509192737	27.8649851948697	28.0978224828713	28.8250907382156	28.9884916832756	29.0392146590026	29.0341095530763	29.5132146836477	29.0820250418177	29.2760713974527	29.7621290592397	28.6762005762048	28.6035918926377	30.5406170583527	29.9194750086592	29.7094037454996	28.9946656890753	30.2772651892614	30.5006610729887	29.1371928318648	29.4570152932799
30.3110515421574	28.6451226017823	28.8883004271108	29.4750773327409	29.2681958249985	30.0305936493669	29.2841264538701	29.4459443137898	29.9791155226275	30.1292922910258	29.7628363179074	29.4294014395281	30.1632995353331	29.2539620797778	29.6643565159005	29.8639819614072	29.9301038207770	30.0899714199920	29.8330587362478	30.0105306522459	29.2789200423186	29.4864847159411	29.7355948934678	29.3440529260364	31.9395966112060
26.9447100975555	27.2794491386897	27.5698166899637	27.3979990695471	27.3769412565300	27.4600148262908	27.4097793811714	28.5244915729183	27.9272932859674	28.1705312481047	27.2022773333425	27.3555837025187	27.8297820792378	28.4858038019556	28.9161096041832	27.6617143789353	27.2469677133829	27.8257764243911	27.0121182180753	27.2086640421330	27.8548468003300	26.7452922669287	26.7485523680121	28.6415310051707	27.6165076494045
27.6745008377585	27.7638620007670	27.8953246350734	28.7396504402260	29.0261733538739	28.7355409747387	29.0160827179410	27.2032587503526	28.6784136487567	28.8681032565342	28.1604477738243	28.7134086233558	28.9402155515778	28.6952908588348	28.4222261661708	28.7069041007086	28.6561322919945	28.8430198350547	28.5651496615847	28.7886423163802	28.1199331203232	28.9628477747673	29.0166316813887	28.6780455966919	27.4669760619286
27.0837793809599	27.6760675216784	27.4788130512803	27.9827440572063	27.9196809696049	28.6151864315748	28.4222696068933	27.5863589807298	28.1032820898831	27.9496112927224	28.3338658714725	27.3020389209655	27.7132994746199	26.2096297919925	28.0411287764924	27.4533562715615	27.7495017148765	27.9957884821784	27.7379284204970	28.1464998635000	27.9501202740924	27.3965451122009	28.5671623612666	28.2190517147824	27.7264680600163
23.4614067080651	24.4567539913017	25.9560643470045	23.7783484431259	23.1146045925489	25.4990795763963	25.3174484039793	23.1206799315293	26.3432267724333	24.8245654328571	24.4953754991856	25.4656419417894	24.3097810405593	23.9807360903064	23.0173231568572	22.8935883175289	24.2980203621362	24.5159320476480	23.2865533985302	24.6397535747691	24.8816772630824	25.5426356550030	25.5184509358478	22.9532683522416	24.8088935333162
26.6504405470959	26.5878186459186	27.9790058921594	27.8514417152427	27.1950194484758	26.9758172335562	28.2218556835134	28.8051316133379	28.0870913995927	27.2324043851065	25.8347001962169	27.2211157959252	27.8120157300958	27.9261748971526	27.7203673861645	27.6051760634670	27.4780172879232	27.4572960181015	27.7317933565845	27.9178320891474	28.7732874586406	27.6246112410182	28.7543898217373	28.4913277209298	27.3442306336757
29.9651787601159	29.2702525228142	29.7409966514874	29.5077270872712	29.2918310955698	29.8468807701771	30.0108550673208	29.5958511694972	29.6412650080569	29.8639903151066	29.4842739536236	29.9784292292013	29.3510258273870	29.8060634346015	29.1639575207670	29.6862854853513	29.3196422370317	29.7917166917736	29.4145018705269	29.6370873554379	28.9531172921168	29.0012411357979	28.8422789386932	29.1295695180358	29.3257598062525
29.1182231592170	28.6879919054345	29.7993113511265	28.3976810329538	28.3716019993488	28.5214264034362	28.8213416128731	27.5360161159562	29.1728577163250	28.9382062169706	27.9867292299730	28.9526524243202	28.4555047760453	28.4170329390058	28.2815655057719	28.8396073694564	29.0317564677849	29.7770098422073	27.3800024739695	29.1691755249255	27.0868403016862	28.0333553056016	27.8179026670421	29.0627778760750	27.9730998218984
27.8228268361667	28.1956930096570	27.8790557760068	27.4402698106778	27.8235542516214	27.8684420683844	28.0903627440434	27.5191275035097	26.7995921369157	27.4564145538117	26.4610386836662	27.7810090841695	27.4226496513266	27.6812942296187	26.9245296319995	28.4942018321998	27.8531472553010	27.0171885596731	26.6781171670351	27.0588933127163	27.8379864441401	27.2871689732667	27.6567955124099	27.2952531888095	26.1439054685679
28.2128617458591	27.6651345892569	26.7601122098375	27.9008373792898	27.2546454142275	28.8832451387940	27.9485021225932	28.0306532043601	27.8929276842559	28.7824198070612	27.9996418593584	29.7637234279781	29.0133857616735	28.6999753464324	27.9041279082857	27.6392227868040	28.3296033925176	27.9696649305086	27.5089503150126	27.6505868747004	26.1989034265309	28.1597820197587	28.0918205442528	26.9853515751043	26.5265200637038
30.0380626245615	30.0253950503749	28.8185141135850	28.9623288267272	29.3073671787610	28.6228912977483	29.6331752150062	28.9352545649638	29.4618514472960	28.3585505716472	27.5544836086699	27.7008034885295	27.5823440067454	28.6657159061946	28.4533125635821	28.6580132827447	27.6583372521603	28.3539430189938	28.8711802365069	29.7039751134871	28.2311378661524	28.4964753091722	28.3769341817730	29.3909556839697	29.7676900648169
28.2566322921948	29.1978093919355	31.2879036755254	30.0969660050048	30.1083322297693	30.8646335143083	30.3919147973741	30.7027764135862	29.7458285494795	30.5702414446335	30.4138227678269	30.2800265636653	29.0988486725679	30.4861867392092	29.2927153288946	31.4745442755095	30.1867792290988	30.2115502376896	30.1986483250670	30.2402727212754	29.1810317070709	29.3207588276207	29.3231853545305	29.8069079498180	29.8277741265202
27.7884718647622	27.9805903488122	28.0770416698528	27.7028628126168	28.5669427871578	28.4139392644961	28.2315999232045	28.5020314621352	29.3173504145295	28.4294398418591	26.9406616676077	28.7060307029209	28.5490413780629	29.2387414943233	29.0133636552857	28.2484555282838	28.1896684302428	28.6575931016245	28.4431478467255	28.5919712028170	26.3542796515575	28.4036916499085	29.2994214807952	28.0102496993825	28.6140679923080
29.6822594459216	30.1740465995953	31.1484009172772	29.9134913813415	29.6996757623941	30.6076410060107	29.6628646396040	31.3178695220336	30.0432032512441	29.7687640180873	29.7392208114068	29.5023501231618	30.2443500301820	29.9988604670427	30.2282834491988	29.6294824880041	30.2044833732388	30.3496084307137	30.2559229656527	29.8705286911183	28.5426212428629	29.1100107312603	30.0887198766097	31.0720121762748	30.7469669355739
27.0548291712073	27.9732192132298	29.3279553057830	28.2189713018583	28.0655073725418	28.3113217213502	27.7441704675394	27.5974814170347	27.4879876336554	28.4109626406939	27.9497278047815	27.5731149193016	28.7975053513230	27.3503787644797	29.3780441884568	27.7614772882262	28.6324706914264	27.4318082997049	27.7030032157075	27.6461719295506	27.7398087285629	28.4093727069916	28.4491040875153	28.2888804663430	29.1067700091962
26.8121994919119	28.3826180437334	28.7608459587012	27.9889552150680	27.8402750814739	29.1714686356148	27.6426130203946	28.3419706810191	28.6338024803095	28.0970139642525	27.4934688782300	28.3287955034444	28.2900992040761	28.4298229327334	28.3748469223464	28.4852493645299	28.6983527216116	27.9271238605752	27.7530907319414	27.6098275014017	27.5920190766625	27.2195697434246	28.1238345471924	27.7668863323217	28.2758866305095
27.5275099821196	28.2451634900964	29.0015986007180	27.3005336478510	27.5844138257672	27.8818350019346	28.4436291531292	27.8459509980209	28.0479457459626	28.0879211560674	28.0084151076540	29.0605509180755	27.5489814548064	27.7686296495096	28.0661383575810	27.4831411089280	29.9838764707060	28.3025027512831	29.3778780105393	28.4298047888738	27.3894002433823	29.5948596173851	28.9535218670981	29.4011432176449	28.4751522360456
30.7630721679020	30.8912851731904	30.8208653618363	30.8441602142001	31.0355794318074	30.9308457976089	31.5395640325046	31.5863607130089	31.5036229864772	31.7688947944825	30.7819717138630	30.7101279225134	31.0674321550356	30.6847225301414	32.0760976858397	31.0000256915452	31.4178537548042	31.5636070048626	30.8433169110956	30.8877701520244	30.8228656579535	31.0867709316894	30.8382087333426	31.4220161349285	30.8784280420853
19.8219646813156	22.7830798080338	22.6359021913049	22.0780432207503	21.9164726333356	20.5420648119712	20.2568433933804	23.1195879332138	22.1510031773194	23.6307358592386	22.1558974922008	22.4860941279221	21.9847868778168	22.1615826576446	21.3024055949175	23.8235125597651	22.9248344616452	21.3080160753949	20.9252389788631	21.9179143057043	20.2471014278186	23.1261999775910	23.8651565609880	19.5265498265566	25.5496015670676
28.8854159482168	28.9104690652523	29.4364843337815	30.1073930042188	29.5485153277168	29.8742278865686	29.4196378598927	28.8896076634796	28.9034869045033	30.0451836930880	28.6945533919520	29.1873427628898	30.1313004705724	29.9921847598788	30.8960348821845	29.8989180338416	29.4326850560148	28.8115560121164	28.7548908501471	29.9421710682934	28.9453464798287	29.7064694764828	28.2419028950948	29.0047238093544	30.1021342943998
28.7696858050549	29.0121920560701	28.5546619594006	28.7611229750071	29.1749324079588	29.2304300932564	29.4171487279421	29.6032477252023	29.5910538456572	29.6149565965237	29.7258173010510	29.2741525550321	28.9839012887745	30.0391444791693	29.2439580568969	29.3170193638713	29.4222908858563	29.0269979719265	29.1074165969220	29.8013928347599	29.7139146441065	29.4010095033646	29.2205417017397	29.0607819750503	29.4487623611378
27.2279333748921	26.3333261267161	28.0319224994190	28.4806186650524	28.4788158360082	29.3076201988009	28.9143701183007	28.6456034548204	28.2978061706986	27.9532918175692	28.5961354226569	28.4820526671795	28.6684649551329	28.2348796236161	28.8053167152144	29.1286932678809	28.1972195903699	28.7100315727085	28.8972043576124	29.0421171458660	26.9800423334656	28.1463021173609	28.1001206986629	28.2058131762013	27.9463797807457
29.3843022077061	29.1175641474117	27.5914485219538	27.3165513422321	27.3391379654470	26.5009326075033	27.0360943803691	28.0839712270716	27.8391619776615	27.8889401919610	27.7814197861611	26.8926583997307	27.3592585292126	26.2007841680652	27.3598528188251	28.0274093026620	28.2335128514881	28.5686567131598	28.9778207918165	28.3699834371139	27.0995012307813	27.6891634661730	27.2922928848165	28.1112732201332	27.3557810586838
28.6063229954105	29.1216678975517	29.4449606914409	29.1968732293699	29.4942807490784	29.7520178711623	29.5723097284570	29.8292338772827	29.5165450942698	29.9848581432376	28.7014800687381	29.3830358225277	29.6828371870885	28.5940828695672	29.9426588440560	29.8104253475067	29.0916170754668	29.7337169892075	29.4427538038009	29.5120904926611	29.7334639221300	29.7555195177253	29.1827115694565	29.6944605276351	29.7587639651261
27.4960141951095	27.8867638014057	27.6652795432667	26.9033304833652	27.8552575647114	27.5669963898698	27.3770620093888	27.8346724480354	28.1316187444842	28.3535919691270	27.0934977177611	27.6203431336499	27.9461073179243	27.0251911584713	26.9644144349197	29.1410380495344	27.1906916928816	27.3507117322846	27.2921491509976	28.5272181411431	27.0725898295225	27.5379899140551	27.8416994648927	26.4133709124655	27.2052426771379
29.1109575730082	28.9166068379097	28.2228666297219	28.7479659400539	28.5174361290139	28.4382633929483	29.2229593967804	28.2382089404687	27.9596171917659	28.5208666731458	28.4143578585963	28.4187352555431	28.7064650631738	28.7647542703751	28.0832273728773	28.4009427758605	27.6730943393237	28.4853514052705	28.5104511928698	28.1283366290572	28.8903718391582	28.4058779714393	28.5741582434121	28.8265544145832	28.8136203896038
28.6348255022268	28.4644896959105	28.0810520423581	28.7847593580487	28.4965532283496	28.3909247648327	28.7337574566174	28.3596415007342	29.1776673007761	28.8012278252696	28.0339048405235	28.0803198052313	28.8313435756187	28.5053900375973	29.0044552231056	29.0192315587451	29.0258337785590	29.2893131426832	28.9769846829832	29.6145469994645	27.8902151994061	28.4770530304122	28.1771986222666	28.9790405879567	28.7267559289878
29.1876611433354	29.2616511298986	28.7667050238388	28.7994410547836	29.9333293019984	29.5394146734973	28.6020786155238	29.0201719372845	29.3875878063119	28.6411302269049	28.7472990947228	29.5473592874569	29.4196689717651	29.5064824806225	29.1159527584184	30.4430711198243	29.7432852364654	29.1462493609139	28.3799705541249	29.2337081740593	28.7552183160070	30.0281864290596	29.7045826815135	29.9613720301664	29.8372203933617
29.1579340096230	30.4109258735211	30.5034824200027	29.6848012916263	30.1271442557342	29.1438075316525	30.4374450353428	30.6972463737559	29.5075254812522	30.6070529250173	29.8096153663440	29.9180251542980	29.4737944322628	30.1494396940757	30.1452581980233	28.7507315898373	29.8485935254639	30.4920686121327	29.3863328648109	29.5280504186972	29.5996934074868	29.7434059489859	29.7011506922249	29.8421119962599	30.3160818830506
29.0597432285306	29.4538077719820	29.0564883910887	29.4664955592947	29.1481340387574	30.3353818485575	28.3435478347862	28.8694788102080	28.6505558166823	28.5959636163635	28.3250501229904	28.7966798341515	28.5478158791913	28.4933182615648	28.5340968407293	28.5085583658070	28.9809267312425	28.6958757868514	28.6902036972693	28.7478378687340	28.1251829177504	27.8701807544627	28.7580431360324	28.3847776713894	29.0551851643975
30.5335512761360	30.5876777054437	31.3183209367954	31.1133141790270	31.3218425325380	30.9661478896539	31.5072232987249	30.9907741515476	31.0063134915833	30.7259439488619	30.9353964253780	31.1921070342541	31.8814067206371	31.5107557756161	31.5720369105296	31.3137256626263	31.1976938942114	30.8377055656144	30.8583135850042	32.0645871204367	31.0331544906275	31.0715298883690	30.9416910172488	30.9354667331035	31.6963033710497
31.0781879082440	29.6811113424927	30.5830239452655	29.8764739963335	29.9250863757519	29.4575944727023	30.1954821284573	29.0738002665480	30.1681376950967	30.5857717099926	30.0339819153328	29.9407757874727	29.9787913740688	29.7575589975776	31.0182729914152	29.0050505306164	29.9583952715767	29.5622831392965	30.4135403206888	30.2753351454363	29.5543926212799	30.1720688065116	29.9639174215327	29.6493889237912	29.3850791724262
30.3975884659561	30.8883062351288	30.4154910232117	30.0309029384537	29.6836345593800	30.7079826519269	31.1536764423905	30.6569287562879	30.8897602171618	30.3375651785977	30.2706272391722	30.1640556158119	30.9393995747404	30.2461236404725	31.6395130270624	30.2669192690736	30.8636156684405	29.9241645900693	30.1514096125072	30.2997164801656	30.6568528032001	31.6889229480885	31.1313150066915	31.3871936317723	30.4289133807854
30.7677573721451	30.4965995968583	32.5607271204643	30.3978670066479	30.3631189714217	31.1090729763385	30.9203330760238	30.5963063299427	30.4658677886308	30.8273435161199	31.1035277999971	30.7801331375020	30.3530551520305	30.1258276422310	30.2597846079695	30.0601372014829	30.6910102606069	30.7301070625196	30.3523245374797	30.6428733080261	30.3956912059135	30.9757336475956	30.4945209846394	30.5835717541343	30.0265789218457
28.7590398433787	29.1380416621127	29.3046523856471	28.7753320699749	29.3990131970952	28.3914281283204	29.0410805056887	29.5506517980846	28.8979287558266	29.9150362029182	29.3886308655531	29.0373661807045	29.5654771880559	30.7682846128736	29.3898870337312	28.7837508610128	29.3230507450708	29.5096233250518	29.2649008919125	28.8246557066346	29.0675256943421	29.3028622457728	28.7555904884507	29.1769830356340	28.9548280657500
28.2331794994203	25.9690217044944	28.1162046744477	27.5744128528775	25.4534332836500	25.6713961005908	27.2990794457812	26.5573523032569	28.5144977953523	25.3865236652838	26.3737000987447	28.3973445302212	26.6940382994154	26.1373459938700	25.6870684763828	25.2478930698520	29.2639093996785	25.9674280795606	25.7551361672688	25.1709566835526	25.4716404224997	25.1488452148566	26.7556119981903	25.0201331246982	25.9413917299849